Training Data Missing Values:
Id                 0
MSSubClass         0
MSZoning           0
LotFrontage      259
LotArea            0
                ... 
MoSold             0
YrSold             0
SaleType           0
SaleCondition      0
SalePrice          0
Length: 81, dtype: int64

Testing Data Missing Values:
Id                 0
MSSubClass         0
MSZoning           4
LotFrontage      227
LotArea            0
                ... 
MiscVal            0
MoSold             0
YrSold             0
SaleType           1
SaleCondition      0
Length: 80, dtype: int64
Number of rows in cleaned training data: 0
Number of rows in cleaned testing data: 0
Too many missing values, switching to imputation.
117384.35455934159
178359.93628163222
201906.00479244156
199990.0687424069
199557.99600820485
192862.40737673434
166678.49705234353
181022.68579172497
196757.51914551656
116242.79780676772
211189.0915814498
117115.36636412854
108342.44781929128
184740.01921690037
109922.1034803558
296314.13106046896
216794.04725806206
237954.6326117019
254993.02601333402
403201.9290868103
295456.85557308514
211924.57186422817
186564.63961000508
181008.13222416994
151445.16442790892
203976.42573281677
289697.84928696346
242841.01150428643
191038.7993073888
225390.39890745355
197639.4386328657
123155.77004838502
193945.87105529872
254458.91535524803
256032.08870267504
228138.52687545875
218771.5723653579
168669.27236772233
168669.27236772233
171237.98702495833
201235.76736618544
155483.16523354306
241181.70679535347
220636.853324048
209648.91454124858
236915.63287432466
267909.3561520579
249685.78048832223
163237.46340273943
165031.5156368071
142135.4521558412
212122.22971245323
172588.41085446876
184959.11078027615
263576.6336678544
169731.95700655034
147363.1735559866
205999.1932342664
208000.03776044547
133066.6298614241
141723.23296064042
194077.7544793835
126366.59834517099
130077.43624376142
109570.13573497985
130807.87603719515
107546.20502505414
117246.83703321427
157199.35092799235
186732.28018610054
158981.70708033
123662.7433203817
161097.53513507693
119899.95837438866
160367.51771046696
131957.17322631693
100769.01681142763
177807.14425147264
226210.77394363063
204990.5506456693
169746.77992399933
176456.57831018115
217021.8820835927
100166.24919393743
115982.5135448654
121679.17702523145
155799.83372858822
148304.44917105965
104337.49511612141
156495.20434901072
144928.91920933482
175357.79726684795
158579.3078000037
114209.96065007293
220660.0279676014
128960.5122316303
155391.24463722206
81216.62152059152
160230.46423616877
200907.63411265207
237327.85206952543
97013.35821289965
113769.48263556305
161653.30345408325
127014.49487278363
234079.39977826065
93566.39509384545
220467.14530476456
165496.6080757403
100624.40329414747
113566.27788145353
137051.41541503163
221298.44113314096
180310.4749943535
230728.67757088153
215622.42212286554
191588.42490098983
153974.81303584971
122340.19898985882
203241.20693240152
136725.79756635378
96379.12148855497
296164.1404815344
223770.1168355209
130610.21818897009
47235.80596397411
78183.75255347282
140349.16897663783
124598.4683483166
121692.26566499645
107921.25895417672
191197.70524470755
112670.23144836098
174015.0806768198
153937.0954204875
226746.71382933817
210511.66929460078
175008.50905447715
153262.74351273637
187328.8265505818
84937.0496601343
116584.086550344
95872.1482165583
246943.67304401775
230244.38211559682
178859.39159730577
271567.8511019703
189028.9140712181
190489.17371378778
156439.88737253452
157782.18244525028
201129.7178404325
189312.76757801027
124899.40090598403
109729.56530230903
109729.56530230903
109729.56530230903
95545.6423881618
109509.88428515501
336177.3194333927
127867.99560954438
129161.42921804551
265190.55859693995
228689.2596783991
116242.79780676772
182640.1055062224
201530.4925381635
234816.00688258084
171748.80218561008
371713.85881632776
223412.46506990012
253728.10621911017
152087.2959891191
203990.75421035298
179245.33471769237
167649.38255113698
234690.21097984212
209845.4289874333
220613.2020472338
270008.15670074744
207514.9107835998
220885.75300150848
227974.4528506458
217798.62584145766
227374.33993488198
157984.1087427512
167614.66870346363
176925.62084780485
139632.4847154451
94730.24470775187
94730.24470775187
117115.36636412854
117115.36636412854
187935.798342508
168753.28962886517
184740.01921690037
187935.798342508
184740.01921690037
109922.1034803558
115604.42532624578
349247.39239465457
306476.9882854456
282199.49289658526
408380.09996011795
243176.07575091175
249496.7700773237
265714.0805200916
243914.4540182765
232538.60298696966
251169.87100351532
246473.82931251798
341559.05700549716
276914.0103657413
224866.31091600397
210275.69508342506
222169.80029442278
209828.76204055094
385830.2671870786
326668.3609263918
282551.4606419612
223462.1889748541
239878.32218930556
216733.79580823725
176351.26110531678
179900.17402181597
191313.61210418932
151445.16442790892
198014.1651687426
193992.27981501175
182517.26773036955
166235.4016197583
205874.61749411287
151445.16442790892
185103.9224982923
155746.54027714249
248516.82514639085
155746.54027714249
293280.5324300935
285929.169443785
242354.61498783933
261542.84909396496
237679.81981490142
249735.96125764376
238504.25820530296
200845.86433364038
364032.00590102165
201954.15623083408
197282.3386852253
214870.35768045843
218396.40703214405
211992.8227603994
256916.71559093767
232449.33596569995
218030.7048436644
195956.3084672627
163107.8260592035
152527.53338238355
154863.44215518798
209187.4057722666
212397.04250925375
148817.56062557656
148817.56062557656
157709.29594595073
222917.0837362489
217053.08882962356
201887.88847326103
206703.12872501832
184062.3121892704
169144.82047740134
129705.89035128555
110669.3869221819
94730.24470775187
113769.48263556305
145016.56101776342
101325.75183096429
101325.75183096429
300414.29243399494
214001.0071261883
329679.82688450813
280576.9660124803
200206.54908415707
201235.76736618544
173845.98429556444
256444.24494591207
253873.20395194986
220693.82383809987
226962.78301862563
239683.06342502913
185531.9181335634
143097.29694464302
223831.84205116905
113769.48263556305
211200.0654992941
229345.95434552012
181098.75054478855
117891.67458757081
94730.24470775187
145169.5761353968
204087.51591940806
176161.43390722809
173275.89954082266
207999.56631316175
152965.44246871475
126960.4968819879
226790.04117862522
204290.06500363848
238714.29919728285
134600.70201880604
178359.93628163222
140396.0897475181
141173.6073670394
165906.75907908598
140898.79457023888
241999.66961513428
121936.71159100314
120974.4202360198
104013.62834914467
136716.35116840628
113449.19006509942
151913.3738839099
140898.79457023888
103876.22195074441
126720.80852692461
99116.07894391134
122794.41483678488
185053.16922760222
146945.04802121222
67133.19370374856
104256.97203909073
128137.61761936784
250949.19984416827
185367.66260004544
118913.77082619743
125723.83929638557
127845.18672221428
97107.43037803474
109060.98222865016
119051.1772245977
95631.83804672888
101970.24291211453
144802.6069859735
111038.19831595024
159262.69556739012
124349.77531238299
119600.80281819873
133442.28733222786
188513.64519067513
110593.215929034
145038.96205870644
154305.0240121869
151706.5039828769
132167.79906893737
141232.73033609163
113357.26344036228
63991.93038663752
94490.62805038755
158689.00985245398
210177.4859067864
109538.6872054203
96447.58248337134
115440.99903393124
114842.78075841548
73724.87398443026
149871.76055179944
149445.89490866178
92015.40800319168
129814.38876342264
180829.80239768533
142350.0135028169
200014.76679625388
193848.86894603694
206623.20572263948
175208.77521370654
112363.95192915981
167205.34861490634
174413.59159836874
134756.6342863664
142530.94291653586
83739.66411978716
198153.69784650707
181969.97701297174
104624.23319695333
140298.36392476052
85798.42008813951
133746.45645571215
132379.5978694228
191666.42453916636
48866.60132479394
107819.85361843104
142487.41990121716
163513.50791627265
125646.68434781012
167817.11797774505
179222.43095347032
152936.92816116524
229718.33625827968
113940.21842302052
117843.60394676361
110762.87414317354
167224.80395054232
108968.99924627173
320258.66997861664
320258.66997861664
320258.66997861664
257684.7291808371
240977.57337650761
206351.1609796424
257191.5283877382
200485.12694933332
195985.42964979814
210473.35293165015
172339.97569447831
240451.41857952296
112043.4509061845
205664.12898764107
212109.51023646237
202327.14122336567
209648.91454124858
100638.719838963
120639.802555576
223653.87747579018
231715.23438380397
202943.2277590917
220158.97377457077
228724.48868714258
255482.26462158
199343.43466122917
223422.81923665464
164143.68439267905
126349.07315332461
113020.03256420168
96379.12148855497
147781.7466972949
178088.79086026322
186499.01747484374
117550.86636151832
141178.9449032286
123528.45325898
122055.28108959204
103549.97998916484
182081.21083089962
169968.69958126897
227280.37019635146
147846.26943882726
219129.95603086645
182963.13431358876
224346.91646445845
102770.29941265582
139534.98776675726
139534.98776675726
209792.5507743534
298207.6540827665
150903.3916962739
73646.81430268745
247218.48584081826
80136.8044587539
243229.42615846367
120947.8802077567
173192.1174580744
242114.74530961594
293001.4563463166
230122.46790288718
237774.95172180203
236872.20831944348
229949.98287109277
295467.6620915856
114516.76607738917
185489.9593244241
104425.84754434545
105463.02740841999
113307.53953540829
128795.58701354628
144941.7120405727
199990.0687424069
174179.65144734413
199990.0687424069
201612.83852517966
192797.824821087
263937.2714260792
199557.99600820485
202455.63038604258
201690.16269317854
207390.1607170196
270456.37587756885
282551.4606419612
187375.07532867402
258642.7473203162
228835.0052654075
254893.54036084007
177770.63011238852
287351.5083404484
249496.7700773237
171037.71659077585
224458.03427541963
136635.11239072945
301773.6548373548
222092.64534584733
253943.2710959688
212119.34949361047
123662.7433203817
94730.24470775187
117115.36636412854
117115.36636412854
158889.65570639094
165700.7812890892
168641.55636814662
222015.4903972719
341334.5471797227
291620.2829363784
323612.0436195439
311538.87728401413
284097.80235838343
216938.94301393026
247783.86765919477
376850.4436853024
241657.14918634074
292409.0531044041
314256.31249004195
279631.2124278825
211512.3526690274
271009.3231763395
208077.19270902092
208077.19270902092
209898.4561552491
221369.4505138795
230006.69657893563
189299.51542666936
184834.8230327126
202586.4618344756
202989.5435905809
209828.76204055094
224503.61711607105
171967.30985552366
239514.3242854206
197496.4496444262
258852.03674861224
260791.60760651747
297974.2421181705
227241.18361942572
265919.1323975298
233720.68867682785
221465.86480367085
254631.65618101935
221170.97186251107
205251.9097924403
192657.3470599841
232733.1894724921
191038.7993073888
200543.71932893308
198189.06422646673
137463.6346102324
164304.80306916314
188985.68194897278
202770.78225749035
197562.7854764963
198659.58310757557
203616.7457892044
111219.01251578295
94730.24470775187
98302.8110661586
94730.24470775187
201129.7178404325
168809.17334977273
262626.1072737729
325977.43997419917
213229.34368841432
168669.27236772233
168654.7157183261
184176.38429934005
247408.68750687517
213827.69056764967
209765.7500654667
237619.5683650766
169064.15453200837
208841.4016004134
200971.89383824365
202470.31072163134
283316.4159433972
203569.03660799787
325993.554159974
249184.7870550086
216548.91475684012
181678.26071742058
215794.72809632748
208197.69560867056
208884.72760067185
129519.60987266542
102385.7688154972
184959.11078027615
150565.04648256904
77731.67921130505
129081.84430781662
129631.46990141764
83752.44947555343
199025.2140629962
116985.49892623501
118364.1452325964
220107.92582402567
137601.04100863266
210816.62672326702
181962.50166546294
127707.78032381402
107192.40368856644
154039.0037647864
127485.8983302004
206349.6500199862
149171.1973423206
217189.36295451218
84947.65077317241
108051.20828328929
87387.45414271334
141081.29954982467
131824.71753013518
176024.02750882783
124547.43316060805
115418.35941636615
168329.26919841333
117127.48764699406
150073.15591608622
127576.6521863493
104570.69320338448
194852.3714650948
162392.32369427843
108410.63309795296
129494.06350301739
79122.06670935117
123644.23261922522
137006.87107770678
87387.45414271334
128684.57153937149
165361.46168295713
197742.15972046033
181275.1819934791
130803.5290603156
165492.78239151006
95226.45508939847
98252.95422530141
142681.64567307968
70013.9964944559
121073.49432248659
154671.5304544186
121770.21764875513
94168.68501946153
221664.4710625593
146591.3896310597
120296.38658825634
231314.157951229
130258.25044359412
132721.4226687465
144563.87269073425
164479.28768678513
197511.28409924064
108366.08300243899
126239.8797523574
180183.71766317534
125449.02649958506
165948.18707668147
169622.29370326686
114030.59883184584
100096.65497109236
127185.00691141558
121794.10812893225
79973.72492267191
196882.27211794312
195255.13222179934
165211.66836729742
190162.90229859264
143692.15986952954
119617.70631694938
137034.95487231074
160380.26896538044
175134.5997952406
137953.00875400862
143763.7043058847
101174.12658069278
138712.52169659815
120390.52736092694
118471.5315164354
121692.26566499645
112318.26370298502
85463.22030598391
123448.181973406
146082.76141271926
141593.07152370608
107921.25895417672
166155.06757320472
200164.7397215651
152093.25728254026
97991.83542939155
214045.9192900569
110169.54203834238
207096.99827160695
183357.3716759189
113769.48263556305
127313.07004449716
277425.2051366118
246456.28911602084
218891.18521348955
220526.02895518966
162610.6212652909
226549.90154448044
317096.19773525523
266195.9845652905
206114.30677133412
223682.00203187673
112043.4509061845
199480.84105962943
207892.24405395097
193903.35887802838
215748.52266754673
120007.57280045934
143596.11748636674
198985.5332941455
261933.56364842728
253024.82542773485
249599.4626280506
245947.985849924
206753.25109810746
130610.21818897009
276230.7663155494
203190.81381643642
219542.17522606722
191090.010047222
126058.9035430109
85716.88032009851
150603.84380477993
124577.80003140187
140678.98334864617
326405.17414492276
117611.61883909603
117611.61883909603
102776.97076354234
128562.10434371895
67299.50185398864
121776.83895315407
97425.51544073744
150619.6473181992
208394.6578274258
225479.96282631325
131774.6395832092
110853.51454335809
165235.04808664983
123493.28376916121
189394.19602386418
132930.38927778904
144960.73507242184
154332.4327042744
237456.81176125936
285171.62860951363
102770.29941265582
119930.16878859562
101751.86508441772
94117.20698207244
159892.2331493314
98465.27065794278
201122.05543722006
54819.00439178635
110230.89722255812
96623.56308212208
94869.63366091487
247218.48584081826
246943.67304401775
301749.42828654323
214345.50527019042
168178.5668102757
236215.17535286618
217410.68485418626
214770.73649243414
212151.91000803187
154183.4781714229
191973.97646977796
210061.13373644938
177221.00451878746
202056.84878156098
234291.48577526255
250792.01889975535
294240.4509039307
208352.00550582146
145098.1414708221
187054.0137537813
140898.79457023888
118913.77082619743
130994.51404353786
100291.29141080438
115755.06499562247
132776.80700734296
138357.01694044314
107173.97551235062
92119.52313814695
96768.73890877666
166642.85673117964
222702.5223892732
152260.56210831887
176558.70160741278
207885.23743835677
180828.551144219
241115.69168752042
166678.49705234353
201253.5719413419
140726.32756793272
184953.68357510827
195100.64495905917
291318.88207793504
344580.2609535004
173312.7558932543
245176.92027709083
340009.0698644592
268462.44455361087
181068.38367399471
177794.22471811977
225740.81996759205
197675.1077828386
165025.0999165446
204337.19983765268
213939.59739969252
181201.44309551545
210866.65802800722
143637.2997265406
101600.56462776482
120639.802555576
207390.1607170196
211189.0915814498
108342.44781929128
108003.53357293048
168976.75615030222
111768.63810938397
252716.05523359153
237405.0070181009
334207.7669539531
341726.9377145496
260880.09192949568
321641.94872188126
355299.6968455231
314865.16479724867
359750.17362100433
282422.5221212687
235260.28608121982
271980.61436308885
310024.84441248304
280525.05432518804
213212.0006981884
226412.49514608018
241114.9797749079
240544.97757866626
212728.43938044758
212728.43938044758
210825.3206770261
237207.34916987582
240367.69633308178
205603.87753781627
216733.79580823725
190739.25236170128
184701.64443825601
148831.8655401589
179794.5674520928
195062.08832874024
186839.45240680562
181361.49110508032
176351.26110531678
176825.41775127678
231792.97975813903
197634.30643060125
161569.44284373135
151445.16442790892
233081.04255082808
152974.0939575511
200278.12256349844
204195.96058040683
205654.52187550088
204038.72600384674
304865.6880327995
320642.1456473307
281540.98833796615
246352.95461736398
235443.56061107235
274051.8035414008
192747.92753801672
216519.2344612615
214861.31697046678
312858.0232385936
282694.4291573119
215969.60886766048
210902.204554541
230303.78667348294
240951.89680242087
188488.3291876087
188076.10999240793
211422.8711036617
194463.4571951252
221599.09097205038
240770.8748182909
255207.58736030976
256140.49849185193
146893.87104797293
152802.34617918407
126333.71633981142
207427.81039186535
211877.5061048418
146732.727338832
117891.67458757081
138649.4871439574
284243.3423807167
137540.78955880785
139399.57179606057
213023.82305143026
181273.9043109788
235702.02151287824
209451.25669302352
256393.43989403473
180751.43142302535
186681.49929922182
190174.9911787878
240309.05266949823
273495.42767645826
239110.4678732973
328816.21053789766
364770.38416838634
140631.0124785623
247972.91488427218
118595.37684984821
173688.11873602343
198711.68719787532
242703.60510588618
247680.59699543394
154823.76157954527
120562.64760700056
119293.07192225059
123482.48213804745
132568.83283494937
140106.8277128034
108470.88454777776
98852.43665975964
168073.71381903204
147816.03526113208
195805.53430291702
151176.05008422275
219390.20514335987
115010.83395427748
86563.0157523118
68030.11128728131
106074.72432514856
149045.3151921699
199953.31170465503
153311.70909543062
146307.54139091924
123662.7433203817
114516.76607738917
120700.0540054008
133204.03625982438
171660.30436884842
121739.05374277808
158327.15214832523
143097.29694464302
138112.49375739947
199953.31170465503
125311.6201011848
118913.77082619743
103112.03501016766
143931.11991388764
103000.30174944914
172039.74100043185
122013.8665395786
176671.10184960926
143097.29694464302
304689.65336652414
207030.6281483642
153970.58234577687
154449.8590458514
99815.73044085463
106822.00776697465
144961.83427284277
118913.77082619743
136776.60261823112
166405.5796208097
165219.7270870847
51435.401927845596
113769.48263556305
102388.84017819984
120815.16754246852
124513.72778399351
135479.69358280394
127922.34167078973
127601.2230879704
123735.17868198737
97021.06954472978
205460.39073031864
200575.03919429352
143850.968394996
104607.01981719278
184198.7268337702
138023.01559214838
238858.85124440352
73980.84988141943
155405.00341633533
141290.051051649
138511.36111885565
143629.2651315303
123367.3773842623
116517.61060356823
153155.28716823706
98000.90285491927
142057.1183989136
137887.44141133904
239537.19200892697
124758.98156476206
102551.7624835867
136033.2728010677
130912.98126456719
145678.68477377977
215518.2381479641
180456.94820359492
226465.3328771807
152144.60028507843
154287.18445986032
226505.93443432194
131992.67475636269
109145.97784520107
192776.71272341875
114104.54688218838
142558.42928195567
118913.77082619743
108732.44519323738
98091.45661741581
124624.5881091835
101325.75183096429
157402.91919178312
257047.01934123057
153806.1194778166
135954.30673258784
136595.44166216586
57387.80499483801
195223.38521397967
135528.21259931667
197493.28441037252
123362.19541853647
283672.3199364034
177027.68640815996
94730.24470775187
52903.11775258345
166305.64759534222
141371.26521526446
133912.06280368567
145955.50449146374
188593.63402248782
218085.91960354568
231049.59884401562
318423.97702237626
231049.59884401562
217068.86005486257
210133.63279449873
198183.93202420228
210514.02602932174
219555.40704018695
220328.0755754883
116440.45565499278
159760.0932976109
112043.4509061845
146481.65185277216
223279.37472233005
205799.80871214342
200776.13235416412
220869.266349279
97176.43774898163
144921.46018473498
142499.49128889377
138649.4871439574
98906.85429782572
95953.34122836676
94730.24470775187
68867.06621411385
234519.47265169545
227027.15929203786
204549.70476832535
221378.35568834087
280492.9343790936
226901.26966058766
218087.2889180577
178438.8569385516
186018.22091463697
187389.07800040665
179509.1547123999
184701.64443825601
123662.7433203817
144548.51587722104
131923.21466401164
157052.49813164462
114770.59946962004
156832.7119533021
173322.6275098643
743499.1222229527
113020.03256420168
126960.4968819879
117611.61883909603
149799.9762885605
101180.9069205924
100578.4683891382
94730.24470775187
218073.2743318608
164028.6198076731
160395.0330364861
108837.12481198374
119825.05103306868
125570.6241080033
184294.08821494968
114753.82635375528
175309.6332094813
149734.84377007995
210100.81431209206
209099.28894764752
103830.3163971887
216442.0795126861
153350.25262806637
237679.81981490142
281277.71992361266
110263.54987510978
180700.82500464763
192657.38694326222
107173.97551235062
66275.04389178529
191660.8135799793
123448.181973406
123432.03183747872
244058.13867761233
185520.4617307482
198645.73958882678
227430.9240092753
206384.42583502256
98462.99261765424
132900.78787628605
229924.81005466208
223846.15664360268
236717.97502609956
237575.8138074116
176419.167903365
201441.00239084614
287772.9037811711
209511.50814284832
266663.4614635266
255267.83881013453
160902.24261311674
151955.61776988165
109729.56530230903
100840.9170044054
109729.56530230903
109729.56530230903
147846.57835247382
184704.58175857546
197212.77526114025
145218.6944673009
104425.84754434545
185116.8794813799
152695.30665157762
107173.97551235062
96605.65937269469
194919.6166960925
134860.6402938562
232610.13726828533
242418.1910028395
258977.81156694153
186889.15401056723
195193.01617809254
205327.2291341124
223549.1714738795
294497.9924069523
333435.9525093612
164763.84818473153
188388.84353511472
345153.32526991423
357739.8673109701
254135.1810419604
320044.3843733828
325208.61674963275
259192.37291391726
294159.08451400604
140103.40959386821
200258.19765623476
141850.28519228616
253182.05203580708
216060.1376673501
156197.82556354787
95545.6423881618
222456.41625027102
108342.44781929128
143674.63853781976
101870.90073626334
114332.59215212287
108342.44781929128
170565.24594575024
141789.0071915727
168641.55636814662
184740.01921690037
304868.92730732344
246001.3586674924
223624.99743987556
280352.9582675571
235013.21289278945
279848.8000436387
264991.3451715796
245417.89230438613
274454.6855683287
269910.07198913745
268261.19520833436
254800.96302496849
238439.48640048233
274384.2316865212
252596.86579070482
176351.26110531678
179580.50789732314
186839.45240680562
244144.13491866048
179580.50789732314
203055.33870209215
223309.9458972895
226159.31742372838
180595.91302896914
194409.79898165874
224289.5575613014
268488.43890313583
234684.26313325795
260857.42343796327
310770.3382284475
288650.22643478296
400206.18096668203
268651.33384867164
311878.3382672486
237333.45978965567
272882.2077020658
211297.7913220517
199283.18321140436
375858.48692050995
203490.00693736938
152664.9397807838
197007.52588842475
151153.46939838098
203529.16743441488
189733.57132166167
217606.1590316733
203188.6266796651
215771.95101943545
190901.39290898855
160570.33231587114
111768.63810938397
116717.44395271249
142063.78214578723
111219.01251578295
99405.1336160633
122151.27293797885
136450.98476955327
101325.75183096429
103690.40510415306
313005.3055892298
316028.07627712085
190880.82203480645
163787.2141776771
202214.24458267735
155483.16523354306
185734.03436275918
220091.80081966825
185368.97413301168
187938.70359400767
120425.24120860029
162287.63899342934
129158.99925639205
95770.7312800083
120425.24120860029
132791.8170646236
198561.99534866452
173391.57105482518
127014.49487278363
147494.3016934513
107173.97551235062
132499.23176148636
162746.7586721126
208142.35195509178
134158.63608716027
168806.30524053652
123662.7433203817
203251.06526626123
147219.4888966508
133556.00400520035
172833.8336091769
167310.45554319164
146827.49362619154
130455.90829181919
120287.83481020003
133556.00400520035
155278.39755766312
86190.0066350032
133143.78480999958
140847.98951836154
116517.61060356823
213906.5194470296
164606.02320112815
310134.3949974112
142329.57443461387
93021.11647712396
93295.92927392447
95055.72512798307
163370.8893419498
172450.599280211
129959.25134399105
157573.95829093343
222561.46252645846
143704.3446122134
307629.3388386329
164383.45134001275
108479.16481850494
199403.68611105398
134028.47465022592
119600.80281819873
94730.24470775187
116852.67485019357
160523.80324463907
175227.33583968025
150967.1418380575
130198.58615214277
107279.48993214534
99847.66524612706
188254.54936211274
136853.75756680654
111021.35466755787
97679.89309209413
141735.13042332
107921.25895417672
123306.866739094
81693.54035847791
132118.72882279867
108125.33059886763
197668.43307374677
153943.78604972592
107921.25895417672
135204.88078600346
183147.28084789685
107010.25678199527
119428.1645147588
107173.97551235062
249461.97081732852
148465.74458261332
99808.11583340052
95910.06896246457
111219.01251578295
133515.5458706285
249557.02152714846
109736.33607715476
79199.3950360429
113093.11372396286
171114.87153935127
122211.52438780366
122158.86465567729
121524.49239580236
180330.97191395232
114444.44039745607
217799.23999793804
215325.92482673336
114868.73382276512
248459.39555278755
151495.99074580942
104785.27147188959
187711.3350519824
159848.55122043836
110843.79671978617
180109.71594089022
398205.85521024605
231059.7417900679
97342.291334924
121249.67959900186
139221.53262257556
249795.06552201253
216179.82323775665
244630.46258975132
189664.73532338624
257732.11327134757
260772.36322285974
215872.48270773122
226412.49514608018
190039.68694928195
195358.64910762166
146893.87104797293
183062.88053494703
200442.68584843123
204930.42278785192
214128.20644089676
139483.02499241606
164759.84796408456
94730.24470775187
205188.25293469641
205083.8233067884
219864.53138726944
199146.67868841867
254348.23855580666
221884.39477873783
232511.18234663145
209317.8706358393
130610.21818897009
195633.46190442218
204526.05132641777
191109.9847231303
188213.5163908082
152609.3869701791
122643.4066883795
156640.27893644385
200067.3990123566
120639.802555576
265589.3620203999
113020.03256420168
190652.77823457494
84014.90278773518
155208.01533187708
167992.22284713617
178777.26972755298
102884.22151185106
82517.97874887945
112004.4103877456
185191.65780268493
123512.60779137447
123971.8855920596
133624.6018991567
147472.93403848482
174695.7718098034
103302.62864830562
161562.69457290744
199095.22920986256
173355.5446922641
155910.0840979471
174438.94797683842
229052.63078164446
129158.99925639205
124571.77591999748
73979.46285648923
83127.85579230532
166349.30453678383
54492.845319622385
132878.1304950215
79771.59953931245
256533.72318788405
246943.67304401775
227923.96552848304
214243.57713828192
209511.50814284832
166319.24650291566
220765.31243169977
215229.91714353286
260994.0507492198
257191.5283877382
126210.46167327504
207180.42863868628
109815.11156296275
95545.6423881618
212594.70035747884
100655.62333771365
109729.56530230903
148581.96094230792
109729.56530230903
109729.56530230903
109729.56530230903
109729.56530230903
125157.31020403391
106055.05837734183
232869.6549153956
